version https://git-lfs.github.com/spec/v1
oid sha256:20d63df0ac64ceab4ff49ef86b567d85df7323d862af5a9293547b69921faf65
size 1362332
